JBU: 0.806812 seconds
IterativeU: 1.78301 seconds
