JBU: 1.30221 seconds
IterativeU: 3.13667 seconds
