JBU: 2.46801 seconds
IterativeU: 5.50773 seconds
