JBU: 0.41374 seconds
IterativeU: 0.926514 seconds
