JBU: 3.40219 seconds
IterativeU: 7.64073 seconds
