JBU: 1.82333 seconds
IterativeU: 4.10798 seconds
