JBU: 2.52259 seconds
IterativeU: 6.81671 seconds
