JBU: 0.398362 seconds
IterativeU: 0.883595 seconds
