JBU: 0.761232 seconds
IterativeU: 1.72601 seconds
