JBU: 1.73104 seconds
IterativeU: 5.01458 seconds
