JBU: 0.719799 seconds
IterativeU: 1.61328 seconds
