JBU: 0.377464 seconds
IterativeU: 0.83843 seconds
