JBU: 1.19417 seconds
IterativeU: 2.62252 seconds
