JBU: 1.68139 seconds
IterativeU: 4.36817 seconds
