JBU: 1.14233 seconds
IterativeU: 2.56317 seconds
