JBU: 0.364652 seconds
IterativeU: 0.816513 seconds
