JBU: 0.390033 seconds
IterativeU: 0.881376 seconds
