JBU: 2.88342 seconds
IterativeU: 7.29328 seconds
