JBU: 1.26747 seconds
IterativeU: 2.77811 seconds
