JBU: 3.92942 seconds
IterativeU: 9.65745 seconds
