JBU: 1.82767 seconds
IterativeU: 4.06826 seconds
