JBU: 0.407932 seconds
IterativeU: 0.86329 seconds
