JBU: 1.74596 seconds
IterativeU: 3.92179 seconds
