JBU: 2.40953 seconds
IterativeU: 6.94609 seconds
