JBU: 1.19333 seconds
IterativeU: 2.64245 seconds
