JBU: 0.734211 seconds
IterativeU: 1.65001 seconds
