JBU: 0.789683 seconds
IterativeU: 1.77752 seconds
