JBU: 1.28228 seconds
IterativeU: 3.06626 seconds
