JBU: 3.52931 seconds
IterativeU: 9.51154 seconds
