JBU: 0.407134 seconds
IterativeU: 0.918602 seconds
