JBU: 1.69714 seconds
IterativeU: 3.81981 seconds
