JBU: 0.711431 seconds
IterativeU: 1.59033 seconds
