JBU: 3.65676 seconds
IterativeU: 9.06419 seconds
