JBU: 0.366089 seconds
IterativeU: 0.826838 seconds
