JBU: 3.33085 seconds
IterativeU: 8.61714 seconds
