JBU: 3.09449 seconds
IterativeU: 7.38087 seconds
