JBU: 0.762094 seconds
IterativeU: 1.71052 seconds
