JBU: 0.396571 seconds
IterativeU: 0.895494 seconds
