JBU: 2.60914 seconds
IterativeU: 5.85111 seconds
