JBU: 0.408371 seconds
IterativeU: 0.934849 seconds
