JBU: 0.786867 seconds
IterativeU: 1.77473 seconds
