JBU: 3.46484 seconds
IterativeU: 9.02474 seconds
