JBU: 1.30982 seconds
IterativeU: 3.38298 seconds
