JBU: 3.47002 seconds
IterativeU: 7.59636 seconds
