JBU: 0.786991 seconds
IterativeU: 1.76952 seconds
