JBU: 0.409409 seconds
IterativeU: 0.920067 seconds
