JBU: 3.27486 seconds
IterativeU: 7.90827 seconds
