JBU: 1.79053 seconds
IterativeU: 5.15038 seconds
