JBU: 2.46338 seconds
IterativeU: 6.88188 seconds
