JBU: 1.20154 seconds
IterativeU: 2.78009 seconds
