JBU: 0.385615 seconds
IterativeU: 0.869544 seconds
